541241
392019
55804072
800000568
800001718
9779785
101461
3325827
800001783
3326413
800001096
55860985
4599165
55751139
101882
5865253
55756330
101500
10115859
4859927
82751
800000841
1354564
102674
4267687
55850071
800001784
593341
5852706
14973559
102598
3935330
4460587
55744355
55803230
800000950
55745368
55735049
37610473
436980
5872120
15516043
3486458
101389
55807734
4434658
89634
5252718
5481096
5918541
55798545
530228
55737387
490886
56060820
101345
482198
3325524
56095554
15647638
41443783
800002360
55848798
224444
55859481
380677
800001701
445808
55768596
102142
55781289
55755303
3443764
516915
56054692
398309
55763684
55787804
821535
377848
738455
630273
400723
101494
5015167
380903
101452
800000940
50000354
764864
10400776
81774
101803
55809113
101334
800002392
642250
800001719
5890724
810895
590136
55752089
55755306
56095557
9778216
711993
732090
14480074
102134
55824656
55755305
5307497
643902
37755554
663312
3326825
56095556
55851128
55821461
13865992
800001627
9555534
55766427
102419
1354069
621344
81624
55760549
55860984
33415747
9712985
55776553
5437843
800000439
4859876
101593
55789793
161102
43748
719232
196800
55735048
4093463
4378415
55798953
843367
55789223
15846954
409181
55744120
1357002
471201
55817413
5744626
540494
55810308
800001720
55853850
571524
179846
800001352
548214
55823194
56080880
56082496
800002777
800000462
33406660
800000063
5245328
102376
556389
9590868
13664258
55770867
55751076
55771266
416123
55749637
595047
5323995
800000276
55855636
800002381
150705
410106
101879
55790224
3323093
531617
55793758
56047479
697057
378011
55806614
55783109
9582059
378315
101451
9603086
5384194
380310
438424
56048869
865728
5039641
55859554
735534
55763439
380763
800001112
638537
55766123
244405
692540
800002349
800000460
55762647
5637394
33407777
55821907
41555353
55809073
751495
35860
14274200
55820144
800000171
157960
165536
102538
587460
55825169
100907
55781186
800000468
33526456
76216
380852
9781111
778928
697404
502928
800000273
5744673
102101
55777057
9592405
289071
219682
225745
4637375
568971
412153
5222106
101219
1355126
1357735
519036
9595390
3462343
378846
55764401
800000943
863662
132648
102033
800002347
800001092
491690
305745
1354049
800001412
55755299
9596300
723789
613911
55809474
379259
55830113
747845
66123
5047994
55815321
101959
800000465
1357163
800000807
55859484
749355
5903008
393763
598211
55837925
9784232
395730
582543
9629560
800000173
580404
55763608
533670
30502
3443778
3327308
800001512
10586330
800000680
3764417
55820193
403368
800001373
102224
101534
118479
800001164
101524
91498
546431
800001569
798310
759211
4253381
79159
55781104
491253
654017
55839130
9577914
55859482
137167
33399699
840971
293337
673273
800001509
733517
55766122
55801674
6091288
3321940
724579
91794
55838234
558968
9878789
853999
634390
5258329
800001513
56037994
800002388
800000993
5746034
500696
55800372
750353
55859512
696698
56025351
55744282
724870
401847
552818
4248415
55762425
706975
800000501
70346
118498
101532
14961519
655067
55789791
477094
55844248
55790939
503895
3804002
55735302
102061
55797983
801647
800001216
669381
756225
800000756
800000923
800001371
497523
137520
55807583
55750412
273170
800001085
55763798
55764410
4598171
53707
800002379
101716
4458462
669666
814067
1354411
561653
478345
71907
55824889
606550
91495
639717
101944
87425
800000498
55803870
55774584
769144
69299
637339
56085616
800003577
4355765
55766129
102249
10222097
55765236
800001097
9813042
55764462
55824694
563050
55758097
3937914
742983
50018778
629914
9741759
800001103
421417
55790257
800001088
447440
15644253
9474232
55777736
5763347
791434
102310
9608391
371238
98364
55754448
575163
515372
56025029
668961
411666
800000381
380258
816428
55764405
101921
238244
55747270
55820192
702673
800000730
101638
671988
1354965
55803169
407800
232632
56074033
717140
95979
525143
3442056
121868
55817411
800000272
414805
446850
482096
55756716
764667
9826358
800000983
228569
56084031
378131
55833810
740589
4355402
9577934
376795
55838516
6017966
56026154
55753858
1353945
800000053
86936
720527
581032
807910
586624
9856230
55820221
696814
538575
800000265
74156
55859513
472783
274529
800001257
800000167
710232
55766124
450414
53089
661195
378093
53888
637393
55757917
102028
800000815
60575
55752874
800000791
3649467
56048305
55760024
101648
9570377
102186
800000567
800001546
630008
402906
600614
380524
800002780
101671
383685
101435
65582
56082418
800001401
567554
102007
9629530
9779260
55798527
839288
55813323
55806239
101870
643981
407881
62030
628211
9786348
800002387
227784
536802
6116979
55747510
56045186
843734
800000811
5763290
204431
5763246
523905
790437
9504442
102207
55745048
131175
474660
55777526
55777427
766140
696632
1356945
505766
3526005
695974
664785
562539
55831954
1355431
800001256
433186
4462837
55750677
101460
244392
800000982
3637610
225679
380671
55828509
810371
9745113
647240
55787807
593660
102356
50018545
670396
40593754
30225
530313
55752481
9759305
56049192
24099930
388349
631490
3325488
87728
569981
127499
45693
3324809
60444
55786826
456449
84881
4967767
228887
300432
3770755
55754190
186009
427554
139845
102328
379302
470564
371831
55813369
801419
451381
707057
13436179
55799817
462202
14766309
221590
800002528
250810
800000175
55759841
102343
546863
55759137
800000932
762563
55812342
56090470
15930677
55802786
63714
3321783
55753480
468380
5723010
75821
306708
55741291
9784230
520147
9482834
4691486
14490527
55789248
55793969
14225353
225874
56034037
800000156
800001520
587521
4184007
32119
5470658
542249
55754004
56040966
56078959
37613393
236937
54927
56049867
800001744
15905316
4269984
33556
485023
101841
41440532
800000155
800001283
55777176
153536
229648
55766128
4854608
101873
307799
806993
589970
800000708
14629751
55771277
861204
55810568
3642936
800001757
428276
82992
9588183
55805321
102316
463142
55784241
433060
235619
716459
115143
101426
757732
219461
429969
101238
55780594
55793540
63728
402929
833904
548453
9825921
101563
800002403
502614
55802787
41448172
55800122
272206
63056
55788822
5902347
9583773
218595
4635242
41436881
70417
87124
455204
70536
800000915
40963
476200
55826317
55747396
55718466
667811
513438
101138
1354450
55771273
1356849
13627439
55761266
57730
800001353
508952
55835971
9807386
55849036
55775018
55807739
1354142
25626
800001739
594135
57043
800000458
35438
436512
100888
800000490
90525
55855524
16059
56096309
723939
800000677
457217
244956
550797
53495
714289
55813974
138094
55766120
311703
55736889
55750098
9661399
55838517
55759043
55862686
4753078
159821
300501
101585
818515
770719
484303
171691
101298
849712
769186
102458
610977
4374347
800001345
800000731
50027767
27926
56075923
1356861
55738142
55744441
228576
55772272
55747149
3323023
46674
410699
70736
55766115
101670
55768099
812667
4256302
55746012
15767705
55800197
55859555
253148
55803193
503494
368776
9890996
27531
79609
3326833
13967916
668119
1358016
573127
800001314
55777094
207753
56039979
227801
55784035
98990
56052305
153631
56040513
864698
101673
4598387
9966668
4355461
55770293
373231
55790250
43865
125263
50024649
782614
579674
421902
800000231
55786699
611588
55789784
31662
56048639
370926
841199
800000483
9791277
488335
105779
705643
518703
56089076
4557299
398602
715400
283550
55756329
5119727
279093
5944910
55802583
102389
55780285
373194
3735664
5334223
15525744
681658
30009
56027636
55799002
631385
756033
56071928
64095
1410955
4913186
545208
705267
4152887
55783612
9778149
617886
55805319
126365
55820154
800000443
36029390
55751836
56085613
800000256
55833001
87797
826844
21465
55859483
55803253
262385
55747478
769047
800000947
224809
376988
583500
55820647
56051081
426981
771799
280811
418251
9604391
674368
595723
5039439
102297
472773
101458
55859523
102277
55765378
41443784
439504
680706
800000813
55859487
4031455
388581
55729641
56081216
90360
55816421
55806541
753344
4815284
198721
55818173
5471352
55782877
1356882
594730
393152
378049
4965291
499468
739787
11963411
55815992
29532
55824078
14630116
55786561
569583
55810557
55776038
88005
10768270
42261
219434
742368
502655
55747399
41614380
101810
9779587
256429
770890
56039976
800001372
794729
264686
53792
110553
56081680
800000253
55734963
800000552
378066
637673
702684
9589750
151347
3462497
800000247
3773180
55734983
55859572
50602
88240
55814748
55854570
9474962
745168
645585
800000916
9573409
800000797
800001121
738094
102633
530516
41666258
121415
14824868
101767
769401
55800585
56082640
55826289
477822
819527
56060382
56088019
800001107
13757604
172551
398427
60640
102044
228845
102020
41323
504061
9588228
102023
546959
774785
85927
800000707
5245362
100830
156077
4359909
9692354
9830490
800001670
55766306
829013
100757
677802
539875
710528
604254
55780627
55833614
45107
792217
55768128
55788755
3325756
4462703
1356960
711318
55835965
33402607
55803380
94627
560480
55744454
790291
55855057
740462
55833012
55800247
772393
37606150
466252
3482029
99086
55821849
9671947
55817157
800001046
614409
53710
55859525
56039974
1355132
5214736
800000766
55785499
55762432
9588576
101757
56089626
800000275
1355175
521243
851043
495259
255396
55717805
134335
800001522
55791268
55804028
849396
517635
56074972
298338
102331
684639
824771
9830303
55793751
800000437
308381
381957
835624
653574
55757579
55857748
199259
9683306
102141
673057
5157430
28618
679480
56083276
3764391
55859516
58770
55815224
55828307
9779915
4414284
14783724
67971
456375
687040
1355336
800002378
800002375
14816933
33991
5702092
708072
4514245
219885
14838383
4815832
5242862
733909
101633
56024803
220765
507121
88382
4253451
55752433
800001452
622537
377142
458410
55756331
507895
55833615
55768685
45766
102502
793882
577713
179259
55802788
55735661
56025762
55790218
4356581
55837968
9485540
608634
377035
261478
55791339
85790
1358444
5270490
5225705
1353859
9777393
78754
518479
823563
9884308
233150
101046
101575
9755532
55747378
229793
55718769
691712
56050718
800000800
800001810
800001754
55817274
554721
9984546
55776116
824115
9474548
532621
601050
245857
55773600
101988
55815333
56076654
9476751
4515440
55779164
569956
89942
830719
376186
55863494
55854472
391227
55775029
594952
753712
4860089
660868
513829
50018471
101796
146018
41439179
56079200
141470
407121
233115
4347351
3336452
55780274
160740
595067
524483
854134
611666
736001
162624
55825037
800000784
489079
801244
9780055
55823171
305770
769780
102596
48859
55766297
55859506
143347
273023
55773384
55776704
9778934
55842700
50023227
9578648
846072
579046
5155772
378302
56042410
78796
675445
25768
55741926
4086934
5329477
55790256
55820852
190757
378833
3462644
410748
668895
189753
55744474
26187
4799959
3728751
250160
762170
56094502
3322046
56079483
3781850
56079379
823625
9769636
35478
56084462
800001525
55774290
212113
55864806
4840910
617297
55786565
71140
15237822
867197
133187
3930677
33391530
10613369
30625
55801400
55803146
850824
7691
21192
55831955
800000753
403588
612680
702732
70777
153908
585151
72361
102507
711587
50024576
138749
29351
5555092
101596
595462
55814418
507064
55811703
55834346
717581
800001137
242062
149664
59836
249748
232719
761151
9619902
9744769
390652
734276
399444
21173
800001634
390107
55802361
812839
788679
585756
80336
664717
9675916
800000948
55775857
90601
101835
46366
853753
493778
56093331
164339
58815
4116114
55771765
13832779
307655
651561
55803147
124572
4516814
9497966
55817100
4881421
3474036
56084008
55815265
5469169
55749862
800001042
9483008
215909
41374024
428481
9778994
55752091
800001745
9727691
800000926
125683
55736096
100746
769275
391296
5744575
5923398
6048188
800001235
56024365
9776336
55803482
587131
52822
153052
3885567
55831751
55813382
84713
9887909
101968
55859510
55803481
792886
14721653
55829261
853696
266353
149171
67988
651698
99643
789470
55777481
800000699
376753
9477816
614195
766134
9545278
377873
55777510
139655
3717423
244987
35045
800000561
1357646
609920
5659265
602538
730807
233091
41263
533164
302885
723622
3325945
9785503
55738474
55806092
731024
763226
55785179
55853630
800000996
9592566
55830549
55818014
9544147
800001521
55802439
478675
99553
55786700
56068980
3374966
623971
55851126
182704
501723
5382125
764233
55823172
3860983
216313
616065
584972
229660
56070871
55779570
271881
735029
733140
55736199
800001716
5389107
800000675
55764409
228666
39848083
9671667
55800529
800001099
56026153
800000725
572850
55778086
9828937
55766015
9504908
448969
55782767
800000527
55784645
268374
33068
418752
596806
36216
56130
800000927
55818356
55741991
10402399
55747394
424840
273704
143927
56037989
55798706
4483097
412617
55788793
513517
55822318
101713
5211697
4710470
1353962
15156541
567479
715546
55825737
55802360
404878
56096214
146588
95185
640242
288120
55766774
55762645
252006
55831581
3325723
800000489
761494
102070
725332
191942
410001
3325763
55814422
55771848
42406
785646
377235
33839
274383
37771768
55815498
59744
55738794
397078
225893
56068978
4674609
685955
129512
758706
672612
379060
70906
9494147
55744731
55842694
3843174
525973
615971
5538528
38003570
306360
300524
527452
62276
53887
822731
56096310
41423807
377709
55790233
535290
800001146
99676
55788886
301091
55787342
55798976
56047470
55859524
774353
41443629
55735481
133158
800001447
737025
55842749
4868277
495146
55828278
800000060
380358
102017
55773825
178069
94171
61132
4143516
64604
102281
800001080
766235
4005027
851954
377960
638844
35357
501343
55802336
102577
168883
5824752
735014
800002296
260254
690371
516392
613848
5825502
801424
624037
56077860
510018
551858
851542
848583
65361
530875
3323201
553719
30767
575891
583557
658118
55842752
772970
798360
417002
56554
55813071
800000385
33746
55790225
88810
55765111
558772
800000763
430532
3707159
9781129
405181
800002684
764799
390872
716308
55771455
401377
101934
830625
3430082
4374234
841419
74936
203310
3326970
5581753
9610310
307889
679978
776801
55736426
52263
3807222
786727
55829036
389961
5553656
176415
91561
573076
87315
767680
466129
538488
222407
41443668
55859491
411652
50024863
767044
4377472
299444
55738057
4537838
9646989
81816
4948721
4145766
5763256
61292
3489641
4959679
56048822
5199144
524072
567970
9608733
55842750
4186665
464710
500210
806013
800001308
800000048
9860665
90306
20206
215685
442511
543195
273097
690759
300479
55744781
423020
55820616
39569
154712
698054
5275451
56060353
224397
56085370
56066233
9589726
417308
596810
4355864
81827
55784029
100811
55787450
5113323
84884
15869329
800002383
629641
9870034
550808
800001681
9620021
102234
9477676
9827058
55819621
779382
800001095
86621
800002386
800001437
700060
462577
808429
4800160
618970
800001526
841374
568954
50032
418273
711853
371973
55766985
377094
551399
396185
102273
847582
138492
801425
814013
698423
483588
854130
133363
55860907
682184
800001607
41332569
50025032
55810556
651864
55741820
5039186
55735372
55764415
638160
555373
44143
694704
844338
94151
38000906
5043465
37606533
3669199
55824132
653274
55746894
5814390
395132
5862280
5992319
9595111
3510683
55823168
101536
221308
56058162
300444
714300
169845
185797
5563191
5159626
394279
836333
83834
41363536
410527
5179193
55807558
56030306
399646
55830238
49447
431956
555219
55800441
280967
9580471
55735592
56076281
56040794
50017529
397098
681632
800002275
56066711
35532
420244
839137
800499
101434
63068
705326
5638467
720602
3655848
494112
9592768
833084
423196
35222
55839991
55766172
55803290
23090
33417161
800001816
4210789
431039
537645
466930
10583883
9861931
55743840
13654071
55819834
771443
55737531
767913
744568
5497496
55803716
194177
795770
55750876
521911
711574
29661
55852721
56059149
627637
377151
709258
84414
484298
4895055
580926
87922
9827685
569263
102200
96796
65295
9620731
800000463
455586
55810309
27780
3457150
745515
430088
55782973
712705
800000278
653490
430663
3352334
9594437
9587202
55854999
23867
435360
799185
56055251
4347062
55814863
75070
55735883
610618
55788014
461802
35100
561838
377827
423961
800001596
5011615
800003661
69110
800002269
56091244
213292
55768600
55839322
55771673
96060
810133
297826
799757
601611
43490
639636
84857
484509
5254525
55814423
56040920
370814
42455
297300
9709379
9778125
800002339
60613
4164960
3774298
513972
596087
831425
56091611
26939
389464
437916
236080
800000564
55862815
403382
63335
603248
699910
800001644
102080
4595394
516385
749334
4417270
744740
29748
41425725
22272
66576
55735784
9757861
5065343
307787
56054785
222574
738927
240412
50000221
280109
572216
156143
161820
84213
38530308
9780794
15441632
252956
59384
9480839
831739
55801271
855602
781107
55747093
10705519
366412
433011
55815225
61988
28613
12034767
9743297
102586
5996022
100745
37706433
286226
55747639
565424
150040
502635
47834
55767672
846689
53069
9601069
474611
11806219
5522536
695443
800001629
560840
377293
640632
800000557
56085174
428780
465845
102624
865440
100923
9875689
9637557
458880
238794
41388314
33389435
6019529
710079
1353847
523058
55751088
55757934
377822
509626
55768620
733339
101919
480774
485718
600882
66243
55813322
6116947
593100
586411
800000714
56024777
9474206
42091
15792366
49020
565306
10254068
401686
266835
608364
56032452
569773
1355441
229226
507770
5709101
55840237
55751148
623156
101744
5807031
28546
1357856
55765808
55815200
610762
800000037
5805263
55859550
498099
49785
13962418
55805250
3327044
377032
50022502
49021
55751643
293633
5361246
56076121
44530
3616354
800001420
9498943
55838512
55751906
793044
861950
379202
25772
57518
102659
573905
800000148
848803
3877463
55747840
100800
627770
830480
56055493
9583639
69872
55802217
221561
55819778
5832225
55826875
49504
102057
853517
5332470
83433
271308
67869
4858261
695260
85992
761203
257538
9617957
55859530
624531
44956
9828192
799964
30739
56071136
136986
56056994
5143486
9654142
222526
55736361
4244956
291261
55776987
55779503
91057
55774811
9617782
55860349
56046061
56089134
841376
800000522
49008
55791012
833256
54287
55771599
55768522
547562
800000917
55784658
749123
587773
55814796
14090981
55751517
5455862
63342
396420
244355
50015330
41553546
56073105
102022
845308
497026
228938
654952
55766062
67841
101034
9656731
378129
102157
4906231
454984
63050
55857744
55800241
42415
55778092
800000928
407362
4568268
422527
5767047
9757646
95542
524409
194094
81439
716629
3988357
41686131
61481
458200
482608
9781103
55736163
94393
83886
237488
55814447
193454
5038593
572024
55859544
5167111
4323456
95538
59590
205186
481200
56070054
4319544
834689
56090252
272041
55800772
55788373
4053230
55751486
307233
390404
266805
55784055
261406
55798526
59930
239933
442402
56044397
469189
55859509
61445
56026899
176250
400513
56096415
59775
27747
9565360
781615
1354269
31663
9746176
290116
825090
286978
56090554
101991
3960285
50023813
790303
173341
801807
55821
55788738
818682
55815621
744249
265275
55856278
757531
228443
524630
199400
60646
3878741
55813981
4136361
540880
719862
55766765
473712
3797879
658671
55857746
542699
460295
742637
55788080
56058529
9756520
303066
508099
124603
43447
55771045
255377
67352
56075234
55735850
126373
15426085
255346
85894
55822059
818757
86927
243163
61751
55748800
279268
788411
800001494
800000241
243479
56060044
55818275
761838
56061739
4457564
245939
9540804
241677
80552
50023591
55813067
9789500
268324
800000985
453536
55805298
55859492
55758144
5492444
842650
9584893
685321
55818419
9486170
397540
87988
56077750
101503
122813
55811887
55802492
55830173
56093322
55859514
284153
9779506
97155
576644
781986
805992
55754035
56057875
56035572
55836935
55833008
102402
47687
511255
56070759
1356902
55758883
800000348
4657951
55822447
55842837
82567
56047476
9620479
97356
42507
584829
687792
89928
55798996
9867934
9785538
80562
378658
9499963
4942018
271016
9783950
55820951
370808
433066
55827889
3528325
55827813
55780301
10377364
865044
49107
56024030
262619
55747279
55757932
632776
55758147
469303
55752408
414583
55778207
618188
55825008
3322646
113023
272013
3674899
91877
4541008
55757949
636969
3326290
55813045
9745878
797978
670588
421222
800001414
55839916
707045
101973
447241
9595001
72184
132654
271788
656203
416077
55774433
668662
401935
39521168
55735786
9580834
227200
9728110
9595781
271991
101723
262568
55862584
5580391
55862926
55846877
3326411
55766364
55833020
56064223
55800389
41636219
118173
275451
35903
55855047
4747183
55805493
55761269
55771603
60229
5526242
797166
55820314
55744817
55844666
269603
101887
55784277
653075
55764861
55747517
9480212
33381853
102550
31699
27951
845835
800001691
9478593
90285
533912
465393
41385504
15767477
57623
5069202
789392
55863883
55790223
672653
55758798
302634
55786957
453661
56043853
770209
448129
423830
3376716
55773598
379243
38547208
3989351
33409901
9593249
55833009
101455
701616
15481624
55805182
805645
140878
807108
755122
405636
56065230
211464
55789044
14164912
126194
55718102
55800390
821556
377123
56037936
68275
9854972
616251
867481
49490
33389616
49103
800001286
409561
55801761
55764619
800000390
820868
81392
81701
49282
35342082
502850
800002372
100718
700576
9587346
10683850
687028
523921
9568811
55825745
3464042
55758896
55816904
60597
287760
746048
4446203
9595016
503893
800000470
55837989
9576951
3323972
105655
56093321
4519971
9754548
87947
55718772
41596294
380542
414446
55738265
623977
682697
9867872
56076130
55745474
423382
87779
683509
487133
55802939
55765709
41558701
800001122
643405
215304
9877182
628179
55718736
496943
56036766
9593735
55812768
136815
55801262
724175
99753
3464470
5456846
379301
842093
56063126
843850
9785777
55735337
4199877
378676
279176
55780382
3658063
9600120
9703576
649087
730524
220630
3651773
55851304
836534
3386323
41690054
674495
839739
79562
4292294
102387
56061495
63247
515745
55813068
444906
5072739
298065
846446
475031
101026
60546
594468
149693
557436
49142
9778219
11898197
311589
55807075
800000778
800001141
486814
91464
75780
627393
481110
716390
55755819
453541
55774925
9593362
55821001
775137
639678
70448
420144
406896
56039978
55751140
26507
55810880
564294
800001678
71198
461659
412968
80809
816935
55749120
87243
599231
863130
3907465
233902
800000754
5142948
570632
5250854
5852643
55786268
55861058
55825164
41440584
391883
9577801
630461
101319
34504
102048
705743
199269
127660
674748
55859485
55802940
55790958
56047481
800001581
578659
55859531
55854281
9594555
763213
55815652
56094891
9591673
55859494
83733
370809
66497
101660
92699
4374326
670282
514997
833625
100620
137497
800001259
9543309
617054
567496
530015
470165
135834
380695
101358
200169
9600098
55800972
90511
9780892
449837
26469
56026151
55746840
52221
282098
800001667
55771392
4124178
203151
604367
462033
152576
9619131
696482
3469922
100674
56080015
549002
9778976
55798712
219776
467542
55747401
55784122
800003286
591027
839453
378027
81622
9784327
1357545
5026834
373018
55819587
34837
55790285
37626138
101609
9588672
521532
432332
3326942
657744
9477199
5619883
41809
9595078
33402429
796125
4936618
545567
5733303
95672
9688852
54758
55738014
3665142
55847995
444461
10348489
864831
112424
503879
826340
92113
594128
55755334
9621621
56048317
548142
55744291
57919
800000741
816851
854304
55811874
658930
815895
695700
614030
800000137
56074526
530318
393444
37633731
55824626
55799054
55842819
710977
6062707
654730
102634
3671857
4882924
404462
58826
772333
800001527
55816549
6069580
631724
75437
138009
55825020
55754005
9609566
463628
817048
721291
56037207
47733
71197
56043298
298023
92562
61453
423439
56076657
50023199
35455
266167
310903
60069
490078
55787547
252982
55859493
61450
410130
171139
94340
33416725
448843
671505
480419
800002778
55819398
55807441
3322329
33408002
55751838
798991
9859004
676100
304954
708708
55749082
55806747
746690
37627594
668766
20104
13322088
554939
446000
590582
476007
11888732
55801827
55761769
49574
140815
56089627
66923
5937208
56081687
3325468
5912023
800000788
56024790
83228
55755542
497759
299353
56074547
800000607
66610
245866
9826071
55814045
614681
41652275
55803400
94310
9778116
55814106
9886922
851271
50008830
55864175
230017
10022445
9857817
603514
5047925
3325397
416769
15581673
41685936
244391
49065
56046306
828397
9483337
681035
49560
11721565
9779377
55737813
5742174
819497
56040553
55766121
55756208
800003561
4421564
579415
56079294
101234
406636
55718610
444289
71052
3632009
676446
55821185
628583
56088083
800001504
3881371
265250
819289
55771552
9589802
102416
171304
50115
55770411
521823
3841091
750980
685192
4727334
598256
435055
795234
55737931
61793
84510
608727
56045364
55758831
3322089
55841567
56063073
55812134
387883
433512
594333
519858
55745371
27358
55821200
9877011
691343
520619
800001636
497874
55823100
477487
56044595
396842
84302
55822790
579746
55785101
55834915
9495019
397833
785775
178503
796294
36448902
792427
56025461
55809144
241674
374957
506682
151414
55786540
417409
55859527
61287
774286
503326
9540965
69774
55791382
9682523
13406648
55751276
55759586
726119
279168
55850862
428828
614925
55859501
46379
637916
475791
413940
197646
775374
55738378
535197
166879
557595
811653
55783322
56088301
55750595
427319
55785564
70883
101346
780085
61318
56037478
56059131
55855541
94495
535436
5655863
837540
822983
55800205
72239
681571
55815453
606102
5966849
13620808
55746963
10686890
55808936
9599364
55836933
73801
290963
28503
847579
671453
9824753
15113377
55801432
276361
448250
137132
56077683
4205427
414077
672982
185050
3322969
192045
55756659
846810
239923
55836777
56081389
800002678
4010169
490999
56028565
55801614
580795
222997
55802175
29476
55816907
645181
55756413
55839097
144478
56072571
55833479
56072848
56080323
55816846
55812126
706228
3819797
259152
27246
14213054
55751146
445292
55766140
55855046
39903
776447
106327
56088311
56089702
55822497
703678
612129
632717
787459
150533
13417954
5051935
102041
90443
228264
411472
55753014
660986
611961
55022
56074038
89893
9494899
100835
9780286
276118
9745787
9820430
56089640
780668
96804
50024445
289917
55744897
55718770
400848
75927
55819295
55786562
55744993
49004
56067115
497862
714789
718992
377961
398456
56071110
95096
653604
851383
59241
55787026
54888
59044
56058242
528696
196557
254261
755623
33444
123461
3323407
800000391
55744293
87335
837255
846514
307035
55747085
800000398
56038874
55828628
56085241
55856994
44807
55782702
55744356
55764878
587638
732782
40380595
55783424
828416
476319
292505
516846
55753186
237153
9650396
149337
50017756
682894
99338
100878
770934
296335
380768
56057573
9595076
55772676
9781070
55788495
55777166
101471
55862883
800000952
304924
374474
832242
4795604
510554
23487
365473
55802131
56074546
498152
458958
161381
55790219
33808202
648479
823639
49542
276306
49307
579715
758131
612267
55741995
564747
56057390
500511
55777064
4511754
55766333
3468662
1772448
188250
5988749
4262290
733273
238956
70690
9596566
757713
55850292
384446
393126
55767673
56040878
55811039
3368876
71310
453674
236400
55790018
29916
55752769
55862005
55777509
126919
9778221
55815490
508897
55813328
55743957
499852
105742
55766116
55776732
55820147
65540
102042
55736405
654187
5545201
15928314
793239
5861022
55769724
128462
5999939
9566761
55763631
220965
102029
3324738
205474
222996
800002258
55749782
844735
200051
49211
3788307
55793747
56059134
9592134
55766151
450119
804373
739599
308432
14128686
426159
853422
3325207
55984708
775169
228653
55758114
586862
55746228
55859532
1354480
3444992
56054693
13918414
144226
800000565
96628
55803736
55789123
179454
55859551
55839749
55745621
5697670
55849420
599378
800476
49070
866554
56029481
55789488
9060941
144344
3764308
282439
1355016
684261
3957668
55855656
55777518
55788873
9596614
401981
56048257
100827
55764493
55751846
800000217
478077
792674
55756366
702498
598747
55771853
56062758
14475713
654443
37613386
55833006
561339
3834911
68285
193633
307217
423820
14091995
579414
800000202
467412
55735069
800002534
542025
55848145
508367
55769673
800001130
14230523
56031879
410215
298592
744646
5675453
9711545
55268
37613391
56083361
807988
866998
90944
55859486
3607923
254008
95884
138089
9786438
55856122
55767614
4287975
55798734
55861739
3509947
56082977
800001671
48141
579417
680166
4859729
299927
41497427
56057350
55742327
405321
36305
55758027
47265
55862957
718819
55773433
35165
733818
155968
695023
638953
571426
371466
819000
55331
527631
55816774
254175
158217
3672706
9781408
685795
1358380
56048093
283060
15076784
9599231
219202
271782
55836629
449252
800000566
55793671
381013
379736
723831
63571
56064959
5318851
415738
55807444
9781151
5185577
4355334
677275
55816727
56050893
56028320
55736436
55746341
4192438
56041194
56076889
55777311
800000526
55812850
26188
34594
144201
759868
55816267
852710
55809935
56093319
42114
50008936
9779478
381325
658986
45185
738065
70928
619048
55788888
55785201
371039
461016
130812
48980
9628828
850020
55751150
55735253
55824555
5036107
9782111
55740983
594684
4631064
144440
87155
238799
4374249
55735895
861291
90216
413076
829180
56080812
436867
192996
532810
4754593
845044
41443639
591307
5299413
55824988
55803379
9543017
214381
679740
757745
380867
5894438
35888
561243
14783704
55757880
26468
56087290
55744292
9578245
380742
50027725
583564
485312
525361
71771
5612755
62679
146696
687063
4471838
55827076
77717
9850180
9860409
754611
523787
376796
92824
800003575
417844
78217
53717
4374324
55800391
798815
55782890
168478
55848053
598559
37631590
271789
481049
4259694
61536
55810447
55769677
800000785
5456660
55815279
270216
4128333
56054979
55759380
661101
102481
29555
222980
55736490
56087327
800000291
56076983
98346
852767
55777144
55806088
729033
681342
800002391
55784633
644702
4143732
5112601
158652
65395
9826158
380639
793887
9594414
55748978
438850
29097
262683
819932
4911966
677010
602004
824648
55855103
766775
532916
55762369
56043619
9583072
55755619
9572157
84519
9635024
9740000
182507
101411
55800562
507070
92398
523443
802088
55801430
96003
5736369
55782738
3974270
55753481
9570906
243087
460843
5549736
4330869
504694
55821306
253714
78635
5637435
90481
55804843
55741555
55746979
513894
413538
97530
470766
56089547
630855
4689384
55790681
226633
9609714
377017
9595510
512584
387600
9825177
55747397
56063033
9581954
814065
55744473
71450
4514537
3399274
813688
457810
822313
651198
4710422
376914
644154
56059639
576005
261216
97610
9782450
696431
239337
807338
56053507
711882
449625
576404
847591
79396
55718717
800001260
80618
562547
56036153
56056990
9779008
34814
833860
56095908
55815629
59965
463135
4351065
55807461
98960
271644
800001738
151063
3354933
56056993
181555
55752055
655564
292701
55757595
89998
1355134
659143
55764484
147954
56066360
177080
55807443
278533
55759730
372019
780218
859085
9785502
9593357
50026103
792037
120048
3874929
3631738
6084959
437066
5405805
55744811
539125
250901
9592188
55751896
55772720
69092
673100
838724
842111
59309
731805
55744537
56079705
55807528
461417
3566002
813239
789025
800002682
13228249
56029351
56091194
780400
37632090
31779
56043555
716503
74106
768149
208230
55802824
4445453
56079276
9652414
9587972
56075925
656259
234252
56070249
608168
756042
68252
56072874
70725
246448
55772187
146965
55859526
86019
55812961
605936
634382
3616175
56085304
685027
622188
15423350
822630
581101
9808830
96050
5215560
526849
75455
55759071
55755080
800000752
55762436
9742212
509084
9601839
668339
469875
91814
462302
56031377
378335
55826892
55744816
83142
56055530
70503
50024701
5048980
60185
300206
586160
55737762
28740
100829
55852732
55783809
518724
55758041
818009
283546
61621
558220
55864178
49234
413750
55744567
55755244
587802
55764433
55811696
55784580
108738
164994
56029353
56040430
55762905
565144
55861072
393607
5147957
9763799
37627539
55770729
55822049
281143
13137949
56067614
240448
4120370
55801424
55813513
789019
545277
55749531
377866
814258
9778142
565551
3737792
59704
768134
79437
9875556
55744352
377745
9645239
55815449
55816987
55813069
50027607
55812906
66388
9600562
24440
245850
21799
391725
10047544
9595079
28650
95189
852974
55767718
55817233
100632
265245
659666
439397
55861967
800001101
482051
3770772
49267
736239
38730506
102373
372807
14811422
449545
29997
55750423
3543190
3698259
91971
9779103
581217
225587
23016
95128
55762792
701170
55760250
55821197
390096
50104
55848078
435016
56090553
753578
171256
80655
5157501
832976
9643716
699526
370475
55744290
589390
376801
55770728
10594336
505469
91837
591689
740624
56091824
800000991
800001246
9540968
9652036
426091
9619843
55744903
56023112
56067084
55762593
729135
56037511
480457
50002812
56086334
805957
9672802
702136
761381
497170
55781238
828853
853313
55764461
757816
824813
800001225
410164
41435867
274385
55764472
379807
853784
71603
570707
10115794
462037
5067563
817680
55759494
56058718
56095313
102241
90094
9594836
247033
56076167
56065444
865872
672610
9876777
56071411
733513
73113
800000973
540169
5990034
447472
709985
55762473
373016
291557
155992
55802498
48928
377004
748482
532775
227440
35114
37605833
9781032
453801
29423
247258
552385
800000777
643060
292184
55747442
55847779
9763801
55851452
50000611
56055519
815241
33783
56024788
380484
9595531
230376
55859543
94759
40301
788682
4087100
14795003
9603683
219244
165485
818644
99427
55819278
4275875
61497
404652
548020
56061009
55855183
55753783
221073
55756681
56055335
633703
637174
56083938
384504
55797862
739891
15846330
55767836
55862577
55863873
56051167
55842691
56091948
56081750
39722
56078970
448268
223671
55848264
695126
49543
4243475
149608
844461
628447
247933
381852
521582
50005050
55747364
5881648
9891283
28021
50023099
55735916
448597
100909
796238
380205
606060
37770691
79688
55764464
84034
55823529
55764458
309768
19807
56083625
687058
5895444
46726
58120
55863927
55837698
55767592
9595038
131603
578211
101985
107738
62710
126993
62439
366163
9769806
61363
9583106
56028049
9785392
55743834
101732
782899
55823104
56032454
55810313
56058213
3735109
100945
55859534
759545
5256962
100848
3764426
56056121
679653
55820950
800000285
55807748
55817159
55813039
307624
50018669
9868568
9773488
495979
55829381
9593446
56086834
370091
800000796
724168
55848041
604414
754366
56082067
9594870
670729
535219
23538
15891928
373226
481810
55776533
56048614
4246746
55825751
191891
56066230
4520602
215974
800001043
9571152
9787504
655106
55787149
599535
374315
820612
672988
5719183
55766003
56062341
736998
71242
415749
55806976
509290
9785400
56038999
9781852
55777546
368962
800001344
392526
56043618
55807598
307745
55757311
133760
380811
3939064
55787185
420735
55872601
41518109
56070835
396323
9782552
260480
3327072
800002546
129866
55825853
370366
35078
35285
267195
704037
56081556
55768202
28505
55816768
410684
30363
56059927
659381
573494
55786603
779604
5466797
542480
62887
702418
193772
4082433
101210
560874
561698
4515948
111398
33256
465799
27609
55773122
380984
55862620
674242
194579
55793934
5168648
55837676
56098258
4207845
55831792
10709778
55771610
14926639
55837397
815006
4385482
639743
705049
55779566
3705279
55787988
738739
59956
432976
55751942
9492037
13138031
1357240
597202
377564
255836
56089490
9628729
56087350
37623695
56036375
100644
94640
736588
422287
73444
55813094
690401
637048
75872
226946
41461758
55808997
600202
800002594
472659
403827
721736
436873
86785
55842692
56037508
624173
276063
4366600
56062038
55864001
55801405
55855016
371697
55742160
150594
15636897
820332
383359
5697641
4634733
55765156
43871
56088265
9591159
56057981
449753
762336
267349
5358236
55753321
121623
704463
55834834
227087
3327775
55768420
288323
482193
79367
84445
55813257
615755
674824
56064644
56083510
410979
55846701
754346
55771611
5926032
410703
3666276
101444
55800995
55817031
377673
55789560
59713
50003081
56062914
3434115
9740433
46551
58028
55816307
814943
681623
3750728
55823557
496637
56040402
59349
9778228
56032022
55826936
55851814
528332
597779
4125933
55843381
84507
9746750
55815433
9807101
9832256
9584857
56024778
450637
5201959
55748909
5220731
236126
55804303
4539599
100956
50018999
722217
3861055
569372
5039449
56085852
55863041
37629145
46244
685450
56065791
605835
15571912
56094560
83958
55849232
867301
9830450
800002697
126962
55764488
369747
631787
740560
825377
9567889
476938
92701
14445792
61117
436510
9792626
55778154
27888
83737
94194
56078971
769432
56086682
3776205
56091280
56054338
806698
9873019
56047363
679512
147556
55783297
9872788
55774683
422046
9594939
765480
55761271
800000716
55766617
1357176
273222
216801
56094694
648205
78285
55787092
9780377
10099242
86414
9781936
55762106
55785357
84536
56087643
41319
24233
44025
55856993
800000913
213037
4352390
9605449
42874
56088887
50018916
54657
705835
56072915
55761832
800000436
59549
55765255
55820205
40561
541947
287755
55807453
9593528
685749
404755
800001492
55738866
1355652
743219
457013
50018954
845822
3418538
223668
84165
96544
379553
55751905
55864707
5737610
188744
216542
63974
828377
114470
819454
835660
800002366
55766781
56047486
191813
664447
56027175
63463
55772756
55770300
55799043
41379624
37624211
55784143
50027802
55784152
3774344
50155
308336
87633
56093254
55790234
559726
102111
9858303
665785
67961
56079783
55828447
102019
55802499
429993
34082955
5744684
607310
50023198
775769
800000984
75072
55737565
813871
13552136
9484261
50027327
51407
10508890
54933
5890719
55767043
55752567
284357
161608
9549329
56067868
55852323
849817
60231
59839
50024417
56092533
709221
3323700
401595
800002389
9714004
5763266
15098815
4468418
55765389
9827236
111620
9719488
55813979
9594535
3412205
460222
55779250
372585
4920358
55753525
3883966
55859529
55845539
232763
194903
463749
50015455
229775
296034
55820715
65901
9592723
94541
56033251
195312
55776873
742242
56094862
9612803
3422506
682742
490411
654473
5210111
831241
101038
55744713
5069092
55862985
94378
800000516
55807556
800001734
55788680
5172868
614211
57183
835691
800001679
37743048
668461
38892454
9565389
96048
64824
56056989
56065471
370573
805575
81230
46374
102622
865504
377653
374791
130145
9779286
56079965
55744846
9613493
228973
242245
9696280
307687
493203
221263
756486
751453
56037507
55859979
3327355
56072460
370372
388432
579349
13851012
55823234
56045900
547481
55769675
5137422
9781890
4374268
715952
621442
548893
634553
264681
55848265
55789555
64859
800001087
73463
850945
55816697
3672240
800000702
55744850
842060
441638
4143893
169308
839231
377969
800000274
636105
55765136
55762487
555562
574586
55814461
552378
55802392
634334
55803155
55825899
9679285
856258
55824989
225758
572595
99904
555574
653407
55762460
418041
3542542
103688
450640
55744605
751277
72530
55395
6027902
863141
5763265
50105
583304
472627
56056928
9774190
41909
55786001
14432637
15311360
4183959
9599603
120024
591135
56094546
460177
55790654
55793619
55824249
35094
456835
400177
24439
14107347
518548
9866950
863259
55751788
56071841
860256
704431
55803020
96245
826478
63153
56075666
55747182
55751045
409728
626155
55848286
101894
55806977
4116198
56076694
9607826
55762560
9864843
750270
4451177
3514598
9594835
216536
55751874
289040
292900
9792712
56064359
4824490
9597734
693809
859566
56078429
9599721
3609063
490557
55747273
41142
55831201
764469
379063
55825637
54854
511025
261487
100894
375671
243260
85209
529309
55861793
763315
832875
56093292
41694054
59648
620493
61503
55859507
55813037
640985
9780367
3326412
9613751
186124
557912
83754
781891
82848
56038829
56074446
798670
815892
55819846
422621
56085619
96031
4637946
55838349
259833
56055869
101418
260694
416702
3422389
9767027
307227
56095787
55837540
92540
55735700
4693204
101017
437359
55812680
269191
55243
628672
5189323
55798489
55742290
101929
55775033
9778151
5467210
807300
56079963
850674
23057
56041416
55834589
26912
55817359
42325
800000855
55814944
55828498
55801156
399629
296869
55746730
285752
812703
10442613
55859866
55766608
228012
579081
582738
75149
488877
55762391
55824198
26342
9598807
737862
55740813
486563
55753824
589472
377048
9623140
582352
56074706
405869
863953
587631
633516
5976773
717253
9597258
37771321
3390558
499140
3530421
373488
772184
55735252
55750409
193831
56092154
3883998
41439546
377177
722893
105833
9677624
55839249
5330311
787956
161897
56089302
230360
3325674
9781575
91950
56029032
182326
55822992
4854695
825949
55862967
50017182
732718
698208
55788677
510256
9824023
49578
4569902
366617
56027512
55771270
14188841
55817071
302257
5859139
55788406
9831769
669720
705829
55799963
80202
55861889
5930326
4812789
491316
725852
55744115
430528
55744502
374232
514528
36927
3368041
3936378
56055758
698018
531316
3827359
55814761
5597011
10287636
213895
556006
9592621
178301
14708214
481832
55859517
571775
731228
59424
55851206
536916
4261531
617893
55793959
59563
55842892
37741306
122417
221705
159978
9595048
42692
567235
11823136
56034854
654592
4523347
55749812
9594441
98398
55747235
55827797
3581630
610729
9603542
45035
55805118
55860835
369340
9786946
41679996
257405
55767827
55850131
690096
56086324
9597719
19847
800003550
37612735
55856551
55779489
171118
382416
375572
55858401
736557
159963
55860810
55798135
34722083
498594
128912
540669
418260
261099
51943
3456896
100456
379697
5890863
55800436
800000454
56026665
145702
56088061
385698
98125
55831705
5960248
9781836
787777
56064520
5419793
55748940
94313
595573
438609
55807779
15041956
603839
512355
10766979
736832
399402
55814977
20651
55822261
6014736
4547605
1354864
9779192
50011536
3562321
55787226
53232
89595
55799013
5900828
708755
4934277
71175
7668718
85854
54890
55804814
55860723
50002071
9759764
563267
539673
41688240
607030
15086380
269820
55855532
582503
642676
4762741
55825389
197080
41668025
4249103
4480887
9630561
55861687
641735
634610
540598
41440330
55746820
10644432
102580
371115
101419
161044
49304
37726889
112885
55777219
29792
371508
25480
508129
726501
591764
56076437
147708
63916
9486965
55833164
663223
72561
55746455
83716
37627522
55780129
55784725
56080717
792211
800001692
4641110
56079313
55816750
81257
226969
55756325
35261
5544951
4397117
55856017
9583884
379647
9593760
59477
55855218
6112755
56046543
55824261
382142
717664
56059142
37635482
4109981
4423109
55856078
55741928
55849577
55744813
435119
91205
70784
55830174
85344
4999032
9584096
56081775
3326768
55837180
55852959
549688
56092631
29672
255884
75580
800001639
770838
34373
800002395
708621
71001
55861094
55822397
24408
56080150
617431
55820941
35329
99667
55811761
526748
55810396
227137
9592362
561666
471069
464812
55743963
853652
5799758
155004
194326
490880
55803156
15810330
9814674
9781315
9602966
137357
684248
474572
215958
55779323
9739681
9864632
56083514
56056996
100842
773431
800000052
55805315
56076059
5178939
101485
55824990
55787873
365501
55805598
95137
56081941
262204
800000673
655483
25624
55807397
55835776
9497132
55749137
467404
56039686
817325
56083406
56093320
179501
56072812
291302
55804043
56080099
41695418
13223605
4108803
8931680
55736176
574465
55772939
307628
80134
56036772
47194
50000375
519957
56087330
55771386
56059040
55737711
828541
1355472
49566
679065
55811875
56054012
33397944
94237
55806618
55745397
688332
295230
101511
421871
3807670
41384177
4298687
9783394
378169
55789826
3503950
4968787
55807572
808856
555879
55823099
68948
800222
614639
101135
56066373
579651
845235
55840441
101052
55790222
56072744
55717936
55793616
70689
56077134
688832
385882
56082732
14736301
768980
56093021
688009
3353371
56483
55779502
9826502
800000842
756562
558186
645280
53251
285183
853707
55806714
56049274
545941
55777508
56054981
56051488
3487232
691254
55857265
100679
1354711
855083
56034212
55797032
681562
779726
55817147
248935
4355418
55822419
83196
55861177
91213
264322
59773
46630
43875
55828605
56050966
9861556
56763
55747386
9805255
3653251
55813050
3878690
463937
591492
586376
9648252
607217
9792776
641599
281239
227792
102021
55797945
13298862
579618
31464
39355227
55759768
37772952
478349
6106300
4349060
618959
3325264
115017
302529
800001274
148095
55817143
837758
430727
55738290
81822
491772
97067
5295320
620060
55758611
55807396
217577
823039
32419
55856898
801887
496974
664080
55788494
55802506
103930
617775
39755
233820
80467
56079962
815175
530603
800001144
56068221
55783823
55859612
56095335
51348
698008
559135
55782540
802627
3436939
9545692
724782
55788555
102383
668891
9506633
9593157
475800
101420
543202
764033
55813825
56057346
798309
55749405
5104928
56069468
866045
55863672
55822882
458668
800001643
70004
4470630
55805746
379702
41394255
752025
144937
56062121
67979
56083491
55741687
51917
514782
5998706
291067
55750448
635098
9637314
55771613
101580
55854567
56048245
55863510
9636010
55768641
56061822
845135
55769082
55863455
591530
780639
55755276
592968
55757836
4640751
186156
56048008
285171
164124
55749448
56067037
9757114
55749982
59614
55756145
375138
56069662
55818855
3668275
102412
56024161
56039095
565895
567898
734748
56081447
808523
101674
55778650
498309
55799830
55746738
435737
835506
100963
61349
7944976
695180
266933
3902533
55855297
55824178
149163
4710426
278601
33765
55786408
188920
56041255
3900177
826983
129891
43503
517947
101360
381081
9583171
690611
371284
49305
3838393
9588664
9778235
802209
5468922
55803507
56026211
552657
55764501
800000152
55840387
5995115
808104
55804939
9592759
55835693
55826061
457628
55829555
684902
371787
638975
835187
92845
55805511
55802040
800002405
800002374
85182
55844368
55747804
79745
3441290
9888215
3567531
55798548
41598832
261881
681572
405360
69817
55863914
55764676
55745641
55848630
55744845
56066402
55770900
55768616
61361
50006170
800002363
700003
55764970
55825837
55745860
55802605
37627408
55860398
4438144
60249
59586
3420743
729622
40447
49255
633063
865593
56061856
56064469
56043617
9779025
55788513
55718768
100851
442953
55813556
243765
55756119
373017
67102
3482453
19518
193568
649951
800000132
55766288
55747102
55812742
71782
39817
9785063
750498
55809518
5041599
70572
557911
374334
56092468
385076
55830342
13229028
4654794
55801406
55784664
88127
67690
9582881
513302
14287177
50005804
55814466
50023068
55837548
853190
9871879
101791
56031205
55853214
55832241
99393
378022
13616759
4521488
41823
55841937
846562
55844333
62799
55805544
9791170
144692
33389508
54064
4410445
5031822
55813379
55745658
56067214
829261
277972
55741329
860532
3695925
782269
9830671
55766060
861401
733708
800002394
94081
55758210
55834031
55807465
499579
728997
55786289
56051501
56076435
130700
460321
55820798
5158965
55756334
800001528
3890111
1357347
55779063
90235
271364
9594115
777979
588463
219693
9656591
55828450
1355034
690084
68264
9775552
55841389
56039241
9739960
55807347
9812115
55859546
41441373
5761128
378724
56027709
593302
63695
4514540
406232
772523
9625842
3622148
55810387
5657461
627454
800001567
534443
55852719
56084524
64968
50018217
9798038
55786861
55831152
58144
3682381
55820289
55808805
5043032
42416
56057932
68749
5862531
56088018
6022427
55784869
834333
89111
55801617
33408033
55794268
484256
55783831
55836921
377740
212163
83432
516089
49061
488266
205089
466072
55825510
833250
497157
474005
55771267
56083812
37613382
81871
577333
149838
644432
407263
4124735
56081408
94359
233801
369734
570515
55747202
102096
55815486
209576
56096303
9758728
380171
827313
5799940
56088206
380122
9829858
130885
102522
4558567
5833128
366521
819794
55826874
640003
626929
656008
56085671
55736245
836425
55802861
56074214
55836015
55740888
56026234
55800420
44744
796598
50003247
775235
458240
374679
55854580
55782735
55744361
5763312
395037
55820803
613357
180176
374682
160991
55759450
55861123
4959361
479525
55765849
55820799
381756
3498693
55829556
183746
92001
6076694
9709234
40507
55735162
596133
55843887
285699
55805537
583112
55813059
5165323
3637356
41925
800002320
748304
9592452
55786331
5950116
55817396
55846871
532576
41433864
100918
866831
664924
766551
56067022
735153
852674
5977511
760241
56056737
678263
605172
68187
55821263
12321
74167
56045766
56040226
5307518
56096157
4356787
5332891
55851886
55822926
55735269
422415
5259383
3711326
55822456
56068765
41445332
5739392
375445
597001
1848169
102459
55814635
65723
9707681
701398
55802282
9892607
375362
841248
55790716
487350
24937
98929
9551934
10402381
834947
13499682
777126
9477398
45307
228961
213048
572510
800001786
84971
386217
754792
783942
60006
710518
281240
9785489
48922
34240
26350
5408123
507405
601620
56026901
55855065
55828326
800001347
55803617
612458
661962
40364084
55749807
56518
50797
30149
56071126
55844166
35190
5263448
5450928
840319
9768088
9780052
853985
55766098
172436
100962
55863237
55736200
534123
63474
9780262
55813056
56024807
55863882
55839639
9482794
55820135
55768446
4255681
55861857
800001343
800000286
92610
4031550
6019982
576145
36135
501704
388842
84249
56050987
55855094
860044
596122
458326
731529
9781152
56030362
695770
658563
299400
55747490
126512
56070375
3378741
56070864
257086
26552
55807341
55839211
9801851
9591627
55785152
4264393
56043504
56077526
518499
55859488
800001210
506106
101353
9588292
481353
56042351
195245
52749
636515
56063506
610245
87361
9597697
55813999
300104
705463
55821477
56050895
637996
735602
56046627
55785599
648562
15161844
49014
378873
500823
469719
56046689
745038
29450
55801826
55806827
793845
716424
141742
6026509
705220
5317753
9755737
9602256
80294
55741061
204225
55816201
56068103
196650
55862978
286373
33394407
800001289
164335
4557970
181504
9656385
747552
205145
55812451
685711
55777890
5372526
800002367
5077256
55807684
4471949
55862189
237472
55735716
56075791
9549834
55809571
515469
55741841
139767
584403
55755399
102613
55811607
6040058
56060100
3728383
55747786
5817289
55814936
1355580
814123
55800971
56052361
614867
642271
55830401
15828992
764479
9746335
753227
55801319
560818
56028073
851397
5063289
9861930
55772793
37706453
55737722
4230331
5535022
807935
414857
9599360
89891
789650
55855289
56060372
829988
3437893
9695821
56058621
37734837
26189
3460063
9779404
55812511
56029390
55826947
827126
856489
462663
166946
272233
9788516
380708
55798461
55750449
9592199
641896
9879797
202940
644889
9776453
650320
800000859
665609
21818
378336
277439
55831595
56089609
55787801
660751
73143
680592
55815163
723903
54562
10226092
153971
4599102
500822
9623615
644222
739521
55707206
285266
404579
493606
598739
55814183
94295
55764445
56069162
55824543
1354211
289023
855983
55774313
55777479
599093
55778452
232844
56043866
787686
3504127
81528
55813093
116055
55741811
55807700
55788602
285664
249595
55784268
9592575
50024162
85874
9787286
9779191
800001251
9599714
365413
55776330
586972
530960
639409
448001
56090301
35073
55749172
494584
9783231
55769594
6207129
55789595
56091456
55850499
583059
56024586
23086
179981
708325
56085514
9778111
291770
26896
808797
585615
50024705
101230
1357255
1615257
55828774
56054695
720370
37621351
232288
55765091
56050733
800000455
40463387
56032323
241003
55768428
25669
36438069
772345
305406
42657
805611
672474
235584
9754566
497053
732439
743111
55808144
9734158
288891
375636
55790655
55830132
83235
9616852
5247412
82900
5382403
842381
373663
9836603
55800560
101653
91833
9863142
55839525
3846425
55837157
55759044
55822135
55755710
593008
55759429
55840444
760394
305793
4359138
90842
640687
3558388
378079
63644
842522
452142
375500
9686443
9618147
40804
56085628
289027
800001284
25996
767505
9863793
746785
826313
673716
722614
617451
554977
52371
56081513
158675
731604
452907
3406089
55806983
553258
535280
4828226
55803869
4824760
853927
55789698
68246
14660
9756209
56035127
517240
368970
56046168
37670246
800002384
653267
90590
705566
59411
55833013
233420
212114
55755499
666494
715233
55791265
52227
9565822
296577
56085645
743332
55827779
66941
56050730
642894
9755622
4629230
421909
9772146
166734
9478502
9593525
75422
49569
55746890
528882
739315
178054
183906
55820945
80191
570653
55860714
55766299
623304
55815959
9727582
55862940
5238266
5262795
56056992
48876
56048938
101330
460104
9550164
14445305
55744283
781584
5147619
283703
446551
715348
735642
56082397
100867
538776
55820722
56050934
710761
55811949
39837
546906
780403
56035124
9890180
772598
89793
33977
1357659
494243
211568
13168954
804091
291988
646205
55863386
612050
55811731
92130
55718444
70379
56079761
55812183
41380972
4476544
578480
386232
55860862
55737774
208748
55802930
55812131
14342637
9540083
56025095
56038382
56040287
55778859
718234
55830515
56060868
14509659
55737812
233022
782712
470968
3620404
55769025
55788400
9652108
3512979
55837373
55807668
3540895
56029980
303064
9495693
55861918
4609944
56041290
56075042
242717
9597678
614437
586137
55766066
642562
251222
55735254
50026591
800002244
13885119
232761
55747518
29267
55752148
3718204
55807216
642384
558348
55828776
3578887
509453
55802511
777645
6108542
309968
436137
376113
9823348
56087655
188523
133888
13617424
382974
55803276
862162
101373
186733
303375
55810078
281864
94580
285560
62684
55810304
55747340
55738373
55790220
437354
55860325
428860
55825189
196830
505739
55787082
121488
5251477
14291106
90531
498759
101747
150136
496610
9558671
56069554
87920
55821719
56087658
83529
3976745
379279
56077615
4329335
640637
280209
101576
36602
631313
433008
55787854
9593731
368935
55815915
69102
49436
762467
590637
4019870
70789
702040
55801739
61921
3481011
771530
9675813
56082132
132530
4433176
311427
9859992
272066
3325414
31381
535452
724714
55808591
649205
54551
55813254
55798744
61563
697571
391813
56091766
55785138
33382821
13352460
56067624
9781329
800001236
9826784
800000992
55759752
98079
4777815
48108
56032213
168799
78155
9778998
221288
473493
289450
396383
691687
5192696
426608
55766157
426985
37624034
91321
55791173
617210
399425
4721244
56054366
369746
518365
9600924
55771814
6058177
807676
56057854
55805033
44901
55754281
55847463
387169
55797837
50026404
55778711
397117
430276
5642547
55839964
281270
467902
741695
800000472
55765230
672883
308937
305731
56097268
50027269
15275767
800001370
4629188
55763298
145733
55782888
151747
55773315
9599315
63279
56058532
3926259
165493
3770098
55807567
4862063
59127
366928
70992
56073363
55749983
749903
4192134
725933
55851147
55775060
846035
50023082
436471
501061
9830429
505593
55802365
791514
395009
101669
168841
55776705
91523
55830182
34937
56076240
55787538
482409
56022885
230399
56042890
4697497
41685716
296027
55752512
44573
55775212
5069199
628210
305699
179982
615490
9602092
568370
13743386
56085657
70529
639481
60340
434912
370622
41404861
9779880
55812167
379843
55759682
3716799
63259
4279714
9594181
35236
546601
55790976
9790315
55813383
13318630
717865
670402
9787256
55786956
9739906
50027615
451114
55822819
9817735
82554
485868
13961764
3470687
419988
623141
9608753
736822
14531292
63070
91863
55816413
55863764
55755534
562430
9645625
56073162
56095344
463537
814445
55809834
260945
772543
5721954
56038448
94323
244699
35426
662676
4829037
55777732
55862939
282622
761472
55770283
4571579
56063385
632623
56044639
9901990
56069693
35225
370996
9584263
39646785
778651
55801964
773624
3323506
800001411
3687946
113038
56076297
442918
82241
785996
61989
35475
55814458
56033985
37630758
55782892
540334
86208
55810317
83455
9824875
577802
6052898
49341
758239
269499
67751
4141232
55797332
102187
4471836
3462520
55862923
784026
56074338
90495
384839
55807765
55777482
9757240
9766875
55758886
55753422
152551
4400607
94264
624215
102143
56097266
3653993
819787
861975
101559
512004
24098654
55752436
56063276
34860
55861
55784375
234482
158670
55786441
56080382
4796290
850908
9595109
55831712
55783865
864157
55736359
56040940
4977172
56085614
56043856
5318956
3637963
728266
90224
3349726
55810345
90147
522711
55788449
55855035
55823166
55752517
56042353
55813422
30327
13728967
35134
794271
42287
56033138
579416
795435
56079245
636674
700922
55793546
3631271
272933
66086
433847
664643
41435564
599971
585951
750967
80401
55758806
377495
5164018
56045918
55838481
774442
55763468
481895
9878429
855020
48446
4085663
196619
15280339
560412
37734975
626891
55813321
646932
55788676
153703
59668
55759076
55861030
56057936
55117
55749872
373502
55752400
55764477
28343
55764463
660289
694587
535991
185350
55859489
3322244
5757970
55819244
788303
383564
403202
572355
56034248
9588387
55823602
508650
56056995
176469
4345805
604780
55806734
5419652
419042
101658
100871
55840176
372618
55806435
9594886
223673
366337
9608873
5069206
627333
55807187
800003553
55784091
270204
94062
727658
9780439
56064956
9760254
195329
3347942
9657118
55815024
9791346
85908
754347
494269
803992
800003491
487516
62667
83722
37735413
55850485
9593738
300914
299443
78286
55788923
260267
102082
55821417
735688
461143
418088
3780015
56051500
56076476
558722
637905
757723
55744140
47649
583279
55821475
526094
102400
387540
43898
56060464
14330802
848178
55757399
608058
136216
55787574
277378
43318
5069085
3324666
377051
55785057
101257
828962
9869871
56049115
42360
55771604
4215432
56751
55761270
56090564
30238
252963
55783527
799056
800001478
567710
55789414
11932828
56085641
812173
56076769
3324417
398652
556285
56043251
55854989
38684
55789590
370810
50001723
9776821
4515468
55812282
101956
13164741
55800547
41441309
370606
415521
611842
33402337
506645
4428946
739003
394516
9601445
13995539
55785869
9577912
9791079
55817880
764804
50027769
9743328
800001714
25613
55745652
762302
55842503
185096
55852132
9721791
39223280
446693
722392
296224
55863917
55765093
26325
719529
3462641
56059362
56064655
55809548
56048103
9791057
550020
19657
56052000
464600
15743803
60091
55805683
5358133
55787929
431452
9744910
97370
791106
55788574
9786573
494257
55806717
55826259
373741
764171
800002285
88884
56054968
56058771
24328
55851168
55805494
56044663
188251
49973
488323
55813042
100843
63754
603854
9818724
56091865
225726
55767777
552611
403836
4810911
9591773
837651
9853237
56086580
9621745
655603
9823741
861315
55783839
678173
55784877
10739456
670631
407617
5512370
3448456
55845720
549145
233686
9670832
55767180
724264
5734678
56038511
25612
205838
860230
9683453
55833250
55768621
56070793
13954639
135107
56023817
56065456
423772
56058021
55751987
9779353
161849
424998
724444
4689224
55803334
55790928
9590590
55736409
88679
497958
50000603
771478
50014166
29769
134254
99543
55820310
56062062
155353
3326764
55815620
569925
55750856
56093390
56057902
800002779
370129
41562142
100759
55737481
409734
311195
641198
236651
424238
55806505
55786849
55783895
518843
9545186
5988303
101729
306431
731644
454874
369893
56071052
5201828
55819525
595234
3356738
710975
5570896
56080814
59870
55737716
780948
13164446
55850764
10609175
55755615
55862171
55805514
9812152
55784940
728475
55745372
274298
55765582
56072310
55762782
732787
67734
55735386
56089510
55829123
9809572
684617
704035
56062574
9896536
41619794
55736911
55812200
100667
241720
95980
55855879
50027058
5166561
29972
55828517
55737717
108978
56046332
658185
678613
857182
632576
55825280
122365
151156
574791
55755616
55735573
102220
3641457
55805506
378591
55734964
9852446
58214
41343510
558321
501822
55735146
373421
9828828
3632004
90563
701121
9636401
860250
56044756
765953
726832
566223
456316
380764
5362555
55761342
623525
4446055
55778285
792822
64087
41441451
55813194
464611
5154563
55757389
55742356
55717986
55756301
55820592
602853
3496759
55820741
55861948
56026266
9997198
55856924
55778979
56024642
48962
863190
744713
5784253
50017740
55863529
35364
5028238
9782864
832881
4424589
85489
573642
724676
14626227
737957
50172
733232
55822831
273745
449453
87227
60924
800002278
55799038
56086656
55777370
4524565
55862074
56074407
55821866
56030963
377396
3759112
805833
815542
221007
192113
3801209
90604
640441
59849
753093
441410
223670
3326276
56043144
220988
130048
441575
56044424
136334
56042350
41872
55780796
56087249
822343
429650
56095740
4243235
55803125
71724
56057351
366127
5069433
56040149
175270
55756149
55803012
727785
629000
55765888
161091
3325734
257176
56074010
26167
56075014
609223
55783145
9645240
52065
756323
56084089
37774484
516415
5294159
809488
56070929
3864380
55769240
56043510
55789880
6028339
55863475
370716
82115
55718214
69855
37689088
55835601
55861690
50027839
586151
55788299
471266
800000028
55854071
80189
1356751
5619039
13983509
380126
173963
64766
9628810
29966
55779350
9783862
56088305
55817127
9828195
421929
55762952
724116
37619606
710881
55785267
582009
56061458
55784609
492213
15831208
56060338
44124
481392
55811943
55834778
68389
55816217
55785517
91260
86113
56083848
243089
3647143
55846127
297369
692824
55819843
750380
56036620
50002256
3322775
3508643
456112
79753
55817527
55814384
56030292
44409
55761178
55818447
9820437
708984
56024751
647831
9823416
5211482
480803
420871
9787413
55768357
55863242
55764369
461551
596827
55855003
55836806
800002535
800000457
55760951
68178
55738461
56025465
800000257
3543602
55846637
55745369
50029
55850187
470596
800001366
14318487
569821
179313
94385
695950
678719
420337
55817839
4704841
253164
5519716
393676
112094
435854
9595012
76199
56048602
55813076
55798608
41436319
679856
9778217
694784
5726979
15156367
5230250
255060
55804300
407237
365723
4144259
56049584
501102
276140
379610
75076
386836
469597
24098844
754567
566689
291891
55778934
55766257
55807123
56032453
55804080
94243
56083494
55802132
55757641
368045
9612802
99591
450321
9861893
185579
56072930
807239
780997
102583
193605
4350539
409068
9889707
657079
3992224
554784
56058547
380799
55830175
179457
55740819
126976
511917
98459
5178459
55744325
14765718
737763
741189
631403
56074690
761236
55763448
55766619
55835966
407851
56024371
55744818
794911
55758425
5874661
3728869
9574597
26139
5733018
742115
56040427
382408
792467
56063305
21506
724931
720548
55825835
4476625
665002
95024
132757
55718245
56059568
549789
73002
55772739
4568936
55850912
55820946
55741830
496349
847104
56081198
310880
419160
423284
55814219
9506734
55863552
288168
593651
550220
5444691
651584
180996
307386
650078
55753435
792042
55786800
733558
260748
55801035
121292
90239
224004
227056
56057853
55769596
4754200
55787004
55853217
9831272
55762285
15165
55839167
403279
800000679
689781
487566
617822
9751031
508755
508037
56025543
757644
56087535
43881
59346
55812406
655781
25685
55817588
55778694
56034421
9640433
5986932
41447449
55815235
98989
153710
34446
186457
763615
26064
763021
5767814
379277
5195501
55859496
413610
825967
55826086
19953
56032292
836359
858189
55796630
55821218
386443
55843098
3400137
575878
56089945
59996
55820746
511208
55749993
36924
825563
55827932
41888
400046
831455
41427558
55838641
743630
863779
645786
55820528
131470
56024439
3851073
104516
3565052
379403
3581248
9753512
4031597
206014
120575
722978
5763350
55783486
716239
9853686
524184
55810609
19755
593658
579726
649685
55815342
154720
441773
706538
482332
3600536
5751794
23053
3985847
696056
70247
55803916
96196
55745611
635253
55811814
756909
55805805
55736601
459033
5012973
215360
55759593
154025
98046
55760876
60454
582479
814528
55717860
3323678
41701822
726889
226938
55738267
800000652
44992
55744437
56030149
55785591
800000204
799734
528653
1354850
9697782
781481
602644
21416
80145
55789748
522624
405455
55842008
55825344
458552
55771390
41439127
55819685
50027153
55852154
4298502
800001307
779481
379349
538677
270388
800001339
3322337
37775053
55832634
55801825
55787819
55759386
188814
55850782
55781125
373487
72509
41489501
55771207
5166524
372396
169025
239536
3835071
9914100
55825589
41447152
149957
25732
238041
3807244
4731146
102501
95066
55819586
55829290
59024
4933897
4817404
653627
43455
65231
33416723
553092
55800476
55769674
524172
55814696
414595
515129
55861682
56075316
649421
55820999
56061480
55837788
434966
56056438
56029756
812920
164756
5933972
3694972
366726
843017
48936
55846912
306099
31467
461178
56048756
9872418
741874
490195
55802134
55826927
177110
505221
55785110
634938
375249
48312
56047469
86606
55863288
5171826
34838
55760333
697952
93998
56051161
242308
56059129
3386533
568160
55803625
5623358
775532
43666
4687240
90253
55842080
55855575
55771598
55820989
729318
55838059
55855058
646603
56096213
55805310
55737568
55805922
608186
9658608
675033
55766071
249843
55768427
4514132
55815624
9719792
410991
56046830
55752627
668709
55765528
457814
55788242
70994
4714945
41694125
75454
5776993
67726
56072332
477756
56083345
25623
807426
4927926
474877
698447
55861363
276643
9594119
4149742
60263
680021
56089678
56055135
677955
123428
3359237
853979
13608508
56040373
56066411
853414
568440
98207
777705
9642848
365573
56057855
704243
545140
55746234
102000
6274956
760161
55789449
102528
9779360
55768541
202514
366938
3562840
80468
22704
409860
192519
600275
5573264
273677
55787464
55809820
693374
782577
55841736
57728
29716
3556583
55819581
537214
520588
55859548
73832
456999
9603107
55803708
607657
377192
55755984
56087952
269484
709080
56076358
596319
672948
9673027
55780461
55790230
56023362
55840111
373982
49264
9784494
95844
3324531
572704
272932
5502826
212426
5358239
55826054
5448085
803498
380880
56072974
39056
55760075
664168
503228
5462226
431092
9541858
559274
55855087
191929
433436
641891
184580
60577
55844481
429044
429214
9481911
714596
55735050
55848558
55823579
279195
9800234
69880
781816
90155
59442
56079511
15260883
548293
56072102
593927
668051
56076546
55860155
90389
4940004
4874191
9474323
715251
55752033
392101
55783824
55788326
3323486
711573
56062354
683890
722496
55747196
104082
9781932
87669
100622
55810948
4666875
55823265
55801944
670314
484453
245080
101783
698780
55750556
78395
86784
55793710
55805591
3326648
9838067
28550
55814554
9745600
5867185
86564
47400
55766067
56058622
485854
388944
550561
581698
305797
175099
5951909
97339
56033980
253010
10209376
55753563
55833448
182906
5684201
289440
858890
55787084
156757
804192
101309
9541630
69857
55771591
4281647
244695
55862085
504991
56081288
606937
413102
739694
30086
447876
252824
199919
274276
561908
55801609
13528540
5837658
687952
56094515
666595
102640
56043505
56093507
479995
601803
674294
55789111
55820181
55820734
67243
55791316
646439
56075944
29689
825034
55778081
55794109
24394
24101324
5382414
572899
56065850
800001202
55767345
545052
37613380
811414
35248
373471
55778936
139866
33382200
55809857
55783579
4930258
374953
219247
56060261
4362483
787188
56024401
23493
55787890
54256
148221
55773162
21243
46629
55819978
423844
377949
55767234
3614279
653277
37613376
5235238
9739523
4847634
824683
55761032
862037
56079196
55758423
55757188
4657337
9595029
800000732
682294
729194
56075311
55766274
398554
56067190
71545
55777538
300840
4844123
66059
55760451
4562675
56026677
474129
55817283
25587
3543233
798851
4374334
55758799
99464
375339
55822148
64768
582555
466215
516413
10086696
740963
440711
862876
35505
207114
466754
55811877
55744909
377291
1354631
258440
14175005
85435
9593739
772601
42051
558961
101355
113015
4402242
9678737
716594
690030
55746943
4130299
129691
102138
650765
56048780
179695
3638907
55802551
9767416
9890480
56088065
650321
800002393
523405
793069
525325
861901
261873
56090103
55805530
55801470
829052
628559
478080
55805314
56048779
55821052
298828
55813459
116957
56028713
55853180
9602311
4927024
777090
55837775
85906
15027676
800001313
681841
9596425
126936
845079
55755892
55768068
56058620
56024798
797534
5721543
55783363
55825038
730863
9684217
9603238
440933
53812
55736714
3481564
55735656
55846574
680396
794619
55860513
55753959
118357
207246
55787034
55759466
41438647
4726647
9783904
829366
126661
740950
55823700
761405
56091317
56023697
55859521
5783027
13393101
56061548
9850283
4355362
85436
232233
55811876
71028
721261
259160
55779533
55788653
41450067
175508
192814
55789788
55773425
53401
55776191
377859
387470
41340440
55850725
9572231
4568130
55803194
379191
55848063
4751661
55750955
174025
767041
112865
42981
465123
258080
55771788
56088082
55779490
695701
55744306
56071361
247064
121608
115001
3347525
56071920
55815648
55771607
55826070
42292
4250103
56027197
263370
651456
205080
470394
55786123
55809686
55776998
800001280
24441
721746
229275
55756962
70929
89937
453357
144616
631311
236738
55814129
741641
308489
459070
686896
101368
55768813
671010
100816
9688132
56059082
524089
9830456
56092908
119697
55812128
237297
623779
55801856
783649
55772973
648854
597565
55802615
783498
5502663
55771854
649530
718952
26484
614766
58510
55826957
55759604
480564
55751682
55835692
56073330
6095274
59335
772963
55824090
56048286
174998
9823680
824923
91836
55759651
499271
55829125
663297
260550
4149266
55766082
9780733
56051939
378202
46346
55784466
56088063
55788722
55849540
151286
741106
56049441
56062409
55851061
542883
45637
55773071
800002262
37534
382838
55862962
175320
777276
533546
484715
205189
90370
295893
56093332
55762147
246704
56062404
6055829
9760484
486606
722571
800000205
803926
528960
710180
55771269
55770834
55814935
56054963
4469074
33939
302403
55762469
55785105
29513
55824076
98433
5350214
55804790
15909459
9868264
55798592
55648
55761457
119325
671931
13777523
56088422
539201
55815506
13289457
800000789
213914
55746459
374346
57415
5038980
55744667
83410
47929
181455
55814415
101691
6115822
42928
370180
56063432
55759739
50006660
372013
612133
56065155
596236
55784207
37568768
46160
303047
55807982
234867
63718
153027
19694
94562
55752348
29568
55852973
9594539
246238
56079585
55809115
458879
55864829
600560
55775339
42410
817323
55763728
853526
800000812
55765153
55758920
697456
214471
55813088
671815
9636241
577280
490506
55833617
71062
56063606
102592
582003
517143
56079891
55853136
5618783
9824771
4665250
15174095
22451
55829977
20843
837110
477742
31848
60397
488925
243109
9808905
66768
839001
50013686
75718
576862
56055862
818273
56086746
56024247
55818381
102304
446873
5613047
101042
3919725
3747134
548207
56028993
55735785
55767512
705903
55752770
596873
4425333
169826
50413
514419
82436
102535
55789508
186385
373387
56076119
9746614
55806228
9796032
55784220
626177
5810793
456893
4297210
262249
55822367
273867
55862979
33072
13805823
55825507
5368252
32623
55751241
683104
94354
55840430
41388207
55751983
114669
9852029
4243771
55781091
9600927
26594
382770
649888
56026149
310529
696499
9581913
420189
642809
9477985
56029039
807451
55790652
5145739
477115
837688
45314
55863542
5364597
56068979
55863872
84875
3558266
28531
709311
4775875
5168128
302893
59385
56076733
687416
81153
507597
207683
9644624
446079
4114603
55757935
1357304
81535
243022
370964
55852702
14764070
56093852
56071192
850164
441639
56094938
4509662
549282
55789347
800000624
100899
701703
3516394
41427157
55798006
202897
4970612
55805847
469000
262557
55785481
545454
533592
58008
773523
55756732
83266
9624592
796255
55788929
56094064
617467
55788623
55789115
800000765
731110
55828050
50035
55855388
144131
742223
380074
55807597
55809003
812389
526238
55787156
41418
55853076
14092752
707389
55804984
820566
49794
638077
431357
56024785
55754741
3639396
52887
55747892
55775103
36548
55800791
41380953
56048727
102182
196730
13223771
55746019
4270177
78918
56044657
9783381
55863931
55753638
55811017
236204
4809262
55812155
386922
90541
631815
41668090
56027082
600109
739398
55743031
465797
9511052
38697
9853651
56065210
55784795
83434
392660
56056000
55805519
56051388
252768
37781425
55839099
241710
9593759
600258
224946
55842356
800001374
9728573
798565
175905
386280
55820116
56086536
55797505
55809843
55774764
55830009
22061
554159
272244
713263
55811580
498798
56032289
35659
290311
800002385
182337
517464
5057314
55767340
31237
75448
55781046
820575
1355537
252186
55738259
798791
56098909
673396
9829496
3399619
14963421
55800253
55835717
796013
1355228
752945
756019
55773543
738843
101047
808468
56075976
49562
9605725
55849665
274299
81969
169699
24966
99200
32163
43444
857319
9848263
61930
55807555
674056
9487144
9810403
9789593
640093
14192970
49739
747318
564353
839259
33390471
90064
56037178
648173
23083
411613
55744304
55751022
9568451
597618
177046
618031
691651
264029
34242
11762043
512361
228548
56076740
56064802
55850531
55751809
9780410
56080369
144864
55756752
55718238
648324
81900
205663
55817535
504940
377060
4880362
61346
55738795
55816522
55864169
292764
55761391
55826973
778032
477763
413103
55760342
56041020
9751368
55745266
56023557
55832242
665275
835088
9895914
543028
94461
9645849
201439
104106
55736041
225572
244558
127104
99842
100671
373380
9752784
486016
521603
55850724
4074427
308975
4471645
539159
25432
61690
55750629
56087714
4901095
9733597
162652
58119
4644402
55854150
55824420
836757
9907976
55832804
35228420
4596586
55833010
55766938
411413
5448032
851526
55775672
56038327
9603182
225398
807064
837475
15683918
55859651
5602696
101424
62034
55863492
3925269
55819793
619775
569936
55859547
4470624
55741490
613035
801828
255838
19360
415991
13738316
55801608
55855184
517381
55787855
43278
56081662
3364628
55783483
716241
55744778
55810892
98100
835055
55740832
56085782
691610
603726
5727844
55802137
410161
55772700
55821869
55803093
4096611
383255
4620449
113016
505485
513174
55765549
610238
800000240
56064501
221723
102083
71079
3425254
9584378
5536695
104119
3776166
55766347
55823658
712039
50027294
27314
125922
56031742
855497
552561
9774213
823075
423579
56080106
55804789
55741117
56058467
6103876
55761240
4019896
13652202
625542
56089919
56085975
55757929
85966
4819193
798324
21796
94203
55759996
155754
55862753
56051932
55802494
589340
55841163
5179553
56084440
373740
101021
773209
5553049
55816125
9791073
605083
486153
813485
55852805
9832847
813864
56048668
724193
9731976
56051498
56083467
55858197
867114
56077740
55813220
13412133
114684
6002692
55768718
25508
55774810
56051477
55812403
84055
819015
55740803
56023961
391716
55788871
55822121
55771406
178806
9583327
59086
861540
41414957
9779323
55735220
9612155
81531
432975
55745627
56089422
55860234
55761686
195043
56079171
824348
5301131
92827
415747
56089349
41826
37780186
56085976
49119
505179
55786993
56064685
778004
27650
800002544
56031815
29060
526648
501435
56052784
98214
129585
56062353
50026608
55764507
405098
756162
56071095
102201
417974
681046
582062
55819579
55791399
380089
548043
56047992
4318006
55845107
55777735
4841429
670245
56085970
470717
154339
3626485
9831102
55829305
14508518
370916
543337
55797904
629593
55738261
534523
5740620
56038896
55738796
55817145
207378
5209150
718867
29786
55787532
55771216
3945391
55835791
55765713
725116
56081719
41444013
400287
55816823
9780915
765212
55843995
489876
9773538
866088
658983
102479
55806335
585519
56090375
55863727
23978
649322
93601
55744295
50024782
55743878
102470
55764971
55760544
3541125
71738
772322
56084091
162739
86372
55766113
64208
84526
55750424
528121
9557873
56061381
3324515
108211
529098
719105
5034923
518120
800001542
5512688
34191
369881
4425742
102357
519728
798650
56034211
55802322
165131
86953
365035
56078403
9886663
55804968
299392
189140
56026572
6020953
55760026
55737866
512974
9475294
55766326
36204
56058469
5129257
184872
55744378
55819857
102239
1355258
55817536
73042
616352
101640
4747797
580972
4971953
372987
53768
155108
88844
307204
55789597
55807723
515219
55853771
81994
650983
9780472
370480
4081956
3326303
50012632
794904
55827149
55823493
153461
59946
55759313
55773359
4902541
431549
54469
55815301
55793461
56094765
9781286
56056075
56082354
56081006
800001674
95359
708069
47540
41684326
3324977
1682379
4125284
55827917
50027803
231556
56081958
55787555
194919
55750406
56030708
55758621
41573494
55818167
5637445
55751828
55737656
4031325
641927
55775235
56064946
4344889
24225
98077
275875
56037250
56093987
736663
101632
9746463
67056
56062623
36230
55764330
3325724
55807811
78210
83747
9753623
641615
183765
55755103
88108
55788008
55799724
191446
41443791
56084856
501022
717343
55790316
55863184
800000089
253082
463319
9593523
73005
5717576
3418229
56074589
55829995
55752791
380800
50012
55776726
449957
149777
153860
55800392
9888940
818343
5339836
4785514
55756362
55850915
4329881
56083569
55770079
160935
64154
55788928
172113
847332
55789654
55753490
3901459
56085615
457207
4347174
55786338
84859
814670
55863161
55827277
730140
467759
122639
55859733
56110
379861
491940
55831193
432222
62678
3653724
55820718
601644
171150
9479253
690872
9487050
161006
5112830
373681
366662
865764
84525
56077647
55787841
56087934
606005
684225
55756308
90576
178268
5826036
4541338
775150
684218
55800542
55757877
55822932
55809680
33412182
55752781
55819123
71072
51254
45735
55785331
102114
459143
668866
55851467
56082191
754280
56066636
375030
85463
96071
565376
9745006
484696
29523
834808
62058
782524
55803154
55810311
412330
660638
3651321
37190
56068850
39728
862319
287316
9781274
55782788
100159
275521
55844729
767223
55825959
55816743
56081165
729562
55788428
60345
494100
537306
603080
608360
717662
369946
55754256
33397582
25693
55824120
55769428
55810512
3731186
55298
5758433
656044
490658
55762520
800000799
388398
233693
560580
9603136
55741798
24098653
25704
56090384
737736
659073
800000219
9755488
3671238
55863897
101577
424753
524477
55782922
109272
575351
55788924
86986
701699
38998
697867
87931
3936610
55848444
573326
55747717
510334
56069118
35062
55771608
818196
5069105
842727
10525757
4100768
55801658
55767550
607168
85880
502807
55846970
50038
55816189
55848470
449749
411997
55809565
65398
55786877
555156
55845983
9613585
851443
4469103
55804057
3650755
833187
55761246
55862129
56081390
56088621
9608244
19523
369586
55806585
489294
41344415
3646736
1358334
55798934
682074
4184686
669541
55853871
78639
422851
59964
60376
55846645
435955
96103
4923187
11721903
55762804
56088377
224092
82030
55800421
375894
55741978
56033297
148125
13380903
99537
10460402
514382
55799007
55824597
53538
725544
623410
55802530
9733700
101005
9738935
100700
55820949
56046438
57731
583620
94655
595093
60895
72200
645735
581770
55814036
438214
295401
55838871
55830166
55741395
458121
55814271
553576
373302
365708
99353
578720
307556
56028436
55859265
55856309
55806446
14007937
162532
4125185
566754
89732
198101
9118634
55806711
805048
85797
791528
88349
9593706
686694
187697
56071597
9782203
800002687
55820060
55741243
55862991
127364
474418
380892
5899300
55812414
122424
387466
101749
55816957
55829176
67339
56082120
729016
554615
800000453
449030
55855090
9912703
55863272
55746768
9787111
55810318
1358015
41393975
628738
424374
55816526
55805102
55735542
50005935
20513
56046917
55851845
655062
55802634
89069
153432
59106
425728
85941
56079174
4928466
800000709
85903
